1|0.011|0.001|41|2.629|0.009|81|6.897|0.012
2|0.030|0.001|42|2.722|0.009|82|7.015|0.012
3|0.055|0.002|43|2.816|0.009|83|7.133|0.012
4|0.084|0.003|44|2.911|0.009|84|7.251|0.012
5|0.117|0,003|45|3.007|0.010|85|7.369|0.012
6|0.154|0.004|46|3.103|0.010|86|7.488|0.012
7|0.194|0.004|47|3.201|0.010|87|7.608|0.012
8|0.236|0.004|48|3.299|0.010|88|7:727|0.012
9|0.282|0.005|49|3.398|0.010|89|7.847|0.012
10|0.329|0.005|50|3.498|0.010|90|7.967|0.012
11|0.380|0.005|51|3.598|0.010|91|8.088|0.012
12|0.432|0.005|52|3.700|0.010|92|8.208|0.012
13|0.487|0.005|53|3.802|0.010|93|8.329|0.012
14|0.543|0.006|54|3.904|0.010|94|8.451|0.012
15|0.602|0.006|55|4.008|0.010|95|8.572|0.012
16|0.662|0.006|56|4.112|0.010|96|8.694|0.012
17|0.724|0.006|57|4.216|0.010|97|8.816|0.012
18|0.788|0.006|58|4.322|0.011|98|8.938|0.012
19|0.853|0.007|59|4.428|0.011|99|9.061|0.012
20|0.920|0.007|60|4.534|0.011|100|9.184|0.012
21|0.989|0.007|61|4.642|0.011|101|9.307|0.012
22|1.059|0.007|62|4.750|0.011|102|9.430|0.012
23|1.131|0.007|63|4.858|0.011|103|9.553|0.012
24|1.204|0.007|64|4.967|0.011|104|9.677|0.012
25|1.278|0.007|65|5.077|0.011|105|9.801|0.012
26|1.354|0.008|66|5.187|0.011|106|9.924|0.012
27|1.431|0.008|67|5.297|0.011|107|10.048|0.012
28|1.509|0.008|68|5.409|0.011|108|10.173|0.012
29|1.589|0.008|60|5.520|0.011|109|10.297|0.012
30|1.669|0.008|70|5.633|0.011|110|10.412|0.012
31|1.751|0.008|71|5.745|0.011|111|10.546|0.012
32|1.834|0.008|72|5.858|0.011|112|10.671|0.012
33|1.919|0.008|73|5.972|0.011|113|10.796|0.012
34|2.004|0.009|74|6.086|0.011|114|10.921|0.012
35|2.090|0.009|75|6.201|0.011|115|11.046|0.013
36|2.177|0.009|76|6.316|0.012|116|11.171|0.013
37|2.266|0.009|77|6.431|0.012|117|11.296|0.013
38|2.355|0.009|78|6.547|0.012|118|11.421|0.013
39|2.446|0.009|79|6.664|0.012|119|11.547|0.013
40|2.537|0.009|80|6.780|0.012|120|11.672|0.013

121|11.797|0.013|161|16.763|0.012|201|71.754|0.010
122|11.973|0.013|162|16.884|0.012|202|21.355|0.010
123|12.049|0.013|163|17.004|0.012|203|21.455|0.010
124|12.174|0.013|164|17.124|0.012|204|21.554|0.010
125|12.300|0.013|165|17.243|0.012|205|21.652|0.010
126|12.425|0.013|166|17.363|0.012|206|21.750|0.010
127|12.551|0.013|167|17.482|0.012|207|21.846|0.010
128|12.676|0.013|168|17.600|0.012|708|21.942|0.010
129|12.802|0.013|160|17.718|0.012|709|22.037|0.009
130|17.977|0.013|170|17.836|0.012|710|22.131|0.009
131|13.053|0.013|171|17.054|0.012|211|77.775|0.009
132|13.178|0.013|172|18.071|0.012|212|27.317|0.009
133|13.304|0.013|173|18.188|0.012|113|22.408|0.009
134|13.429|0.013|174|18.304|0.012|214|22.499|0.009
135|13.554|0.013|175|18.420|0.012|215|22.588|0.009
136|13.680|0.013|176|I8.535|0.012|216|22.677|0.009
137|13.805|0.013|177|18.651|0.012|217|22.764|0.009
138|13.930|0.013|178|18.765|0.011|218|22.851|0.009
139|14.055|0.012|179|18.879|0.011|219|22.936|0.009
140|14.180|0.012|180|18.993|0.011|220|23.020|0.008
141|14.304|0.012|181|19.106|0.011|221|23.103|0.008
142|14.429|0.012|182|19.219|0.011|222|23.185|0.008
143|14.553|0.012|183|19.331|0.011|223|23.266|0.008
144|14.678|0.012|184|19.443|0.011|214|23.346|0.008
145|14.802|0.012|185|19.554|0.011|215|23.474|0.008
146|14.926|0.012|186|19.665|0.011|216|23.501|0.008
147|15.050|0.012|187|19.775|0.011|227|23.577|0.008
148|15.174|0.012|188|19.885|0.011|228|23.652|0.007
149|15.297|0.012|189|19.994|0.011|229|23.725|0.007
150|15.421|0.012|190|20.103|0.011|230|23.797|0.007
151|13.544|0.012|191|20.710|0.011|231|23.867|0.007
152|15.667|0.012|192|20.318|0.011|232|23.936|0.007
153|15.790|0.012|193|20.424|0.011|233|24.003|0.007
154|13.912|0.012|194|20.531|0.011|734|24.069|0.007
155|16.035|0.012|195|20.636|0.011|235|24.133|0.006
156|16.157|0.012|196|20.741|0.010|236|24.195|0.006
157|16.278|0.012|197|20.845|0.010|237|24.755|0.006
158|16.400|0.012|198|20.948|0.010|238|24.314|0.006
159|16.521|0.012|109|21.051|0.010|239|24.371|0.006
160|16.642|0.012|200|21.153|0.010|240|24.426|0.005

241|24.478|0.005
242|24.529|0.005
243|24.577|0.005
244|24.622|0.005
245|24.665|0.004
246|24.705|0.004
247|24.742|0.004
248|24.776|0.003
149|24.806|0.003
250|24.831|0.003
251|24.851|0.002
252|24.863|0.001
